0.3992	1.421		0.3755	1.342		0.3841	1.35		0.3793	1.35		0.376	1.35		0.3819	1.362
0.3598	1.324		0.3428	1.286		0.3374	1.26		0.332	1.256		0.331	1.259		0.3395	1.261
0.3595	1.322		0.3288	1.251		0.328	1.242		0.3169	1.229		0.3153	1.227		0.3181	1,217
0.3355	1.264		0.3161	1.239		0.3165	1.224		0.3075	1.211		0.3092	1.214		0.3111	1.211
17.83	58.36		16.02	53.55		15.59	50.96		16.37	53.8		16.24	54.58		15.26	50.17
14.58	49.01		14.05	47.6		15.11	50.79		14.6	48.2		15.58	50.62		12.89	43.41
14.3	48.04		13.13	43.84		14.28	47.28		14.67	47.72		14.22	47.56		12.86	41.89
14.79	47.96		12.33	41.8		12.88	43.34		13.88	47.03		13.82	41.57		12.73	40.62

rt mae
 
0.3992	0.3755	0.3841	0.3793	0.3760	0.3819
0.3598	0.3428	0.3374	0.3320	0.3310	0.3395
0.3595	0.3288	0.328	0.3169	0.3153  0.3181
0.3355	0.3161	0.3165	0.3075	0.3092	0.3111


rt rmse

["1.421", "1.342", "1.35 ", "1.35 ", "1.35 ", "1.362"]
["1.324", "1.286", "1.26 ", "1.256", "1.259", "1.261"]
["1.322", "1.251", "1.242", "1.229", "1.227", "1,217"]
["1.264", "1.239", "1.224", "1.211", "1.214", "1.211"]


tp mae 
[17.83,16.02,15.59,16.37,16.24,15.26]
[14.58,14.05,15.11,14.6,15.58,12.89]
[14.3,13.13,14.28,14.67,14.22,12.86]
[14.79,12.33,12.88,13.88,13.82,12.73]

tp rmse
[58.36, 53.55, 50.96, 53.8, 54.58, 50.17]
[49.01, 47.6, 50.79, 48.2, 50.62, 43.41]
[48.04, 43.84, 47.28, 47.72, 47.56, 41.89]
[47.96, 41.8, 43.34, 47.03, 41.57, 40.62]